01111011
00001010
00100000
00100000
00100000
00100000
00100010
01100111
01101100
01101111
01110011
01110011
01100001
01110010
01111001
00100010
00111010
00100000
01111011
00001010
00100000
00100000
00100000
00100000
00100000
00100000
00100000
00100000
00100010
01110100
01101001
01110100
01101100
01100101
00100010
00111010
00100000
00100010
01100101
01111000
01100001
01101101
01110000
01101100
01100101
00100000
01100111
01101100
01101111
01110011
01110011
01100001
01110010
01111001
00100010
00101100
00001010
00001001
00001001
00100010
01000111
01101100
01101111
01110011
01110011
01000100
01101001
01110110
00100010
00111010
00100000
01111011
00001010
00100000
00100000
00100000
00100000
00100000
00100000
00100000
00100000
00100000
00100000
00100000
00100000
00100010
01110100
01101001
01110100
01101100
01100101
00100010
00111010
00100000
00100010
01010011
00100010
00101100
00001010
00001001
00001001
00001001
00100010
01000111
01101100
01101111
01110011
01110011
01001100
01101001
01110011
01110100
00100010
00111010
00100000
01111011
00001010
00100000
00100000
00100000
00100000
00100000
00100000
00100000
00100000
00100000
00100000
00100000
00100000
00100000
00100000
00100000
00100000
00100010
01000111
01101100
01101111
01110011
01110011
01000101
01101110
01110100
01110010
01111001
00100010
00111010
00100000
01111011
00001010
00100000
00100000
00100000
00100000
00100000
00100000
00100000
00100000
00100000
00100000
00100000
00100000
00100000
00100000
00100000
00100000
00100000
00100000
00100000
00100000
00100010
01001001
01000100
00100010
00111010
00100000
00100010
01010011
01000111
01001101
01001100
00100010
00101100
00001010
00001001
00001001
00001001
00001001
00001001
00100010
01010011
01101111
01110010
01110100
01000001
01110011
00100010
00111010
00100000
00100010
01010011
01000111
01001101
01001100
00100010
00101100
00001010
00001001
00001001
00001001
00001001
00001001
00100010
01000111
01101100
01101111
01110011
01110011
01010100
01100101
01110010
01101101
00100010
00111010
00100000
00100010
01010011
01110100
01100001
01101110
01100100
01100001
01110010
01100100
00100000
01000111
01100101
01101110
01100101
01110010
01100001
01101100
01101001
01111010
01100101
01100100
00100000
01001101
01100001
01110010
01101011
01110101
01110000
00100000
01001100
01100001
01101110
01100111
01110101
01100001
01100111
01100101
00100010
00101100
00001010
00001001
00001001
00001001
00001001
00001001
00100010
01000001
01100011
01110010
01101111
01101110
01111001
01101101
00100010
00111010
00100000
00100010
01010011
01000111
01001101
01001100
00100010
00101100
00001010
00001001
00001001
00001001
00001001
00001001
00100010
01000001
01100010
01100010
01110010
01100101
01110110
00100010
00111010
00100000
00100010
01001001
01010011
01001111
00100000
00111000
00111000
00110111
00111001
00111010
00110001
00111001
00111000
00110110
00100010
00101100
00001010
00001001
00001001
00001001
00001001
00001001
00100010
01000111
01101100
01101111
01110011
01110011
01000100
01100101
01100110
00100010
00111010
00100000
01111011
00001010
00100000
00100000
00100000
00100000
00100000
00100000
00100000
00100000
00100000
00100000
00100000
00100000
00100000
00100000
00100000
00100000
00100000
00100000
00100000
00100000
00100000
00100000
00100000
00100000
00100010
01110000
01100001
01110010
01100001
00100010
00111010
00100000
00100010
01000001
00100000
01101101
01100101
01110100
01100001
00101101
01101101
01100001
01110010
01101011
01110101
01110000
00100000
01101100
01100001
01101110
01100111
01110101
01100001
01100111
01100101
00101100
00100000
01110101
01110011
01100101
01100100
00100000
01110100
01101111
00100000
01100011
01110010
01100101
01100001
01110100
01100101
00100000
01101101
01100001
01110010
01101011
01110101
01110000
00100000
01101100
01100001
01101110
01100111
01110101
01100001
01100111
01100101
01110011
00100000
01110011
01110101
01100011
01101000
00100000
01100001
01110011
00100000
01000100
01101111
01100011
01000010
01101111
01101111
01101011
00101110
00100010
00101100
00001010
00001001
00001001
00001001
00001001
00001001
00001001
00100010
01000111
01101100
01101111
01110011
01110011
01010011
01100101
01100101
01000001
01101100
01110011
01101111
00100010
00111010
00100000
01011011
00100010
01000111
01001101
01001100
00100010
00101100
00100000
00100010
01011000
01001101
01001100
00100010
01011101
00001010
00100000
00100000
00100000
00100000
00100000
00100000
00100000
00100000
00100000
00100000
00100000
00100000
00100000
00100000
00100000
00100000
00100000
00100000
00100000
00100000
01111101
00101100
00001010
00001001
00001001
00001001
00001001
00001001
00100010
01000111
01101100
01101111
01110011
01110011
01010011
01100101
01100101
00100010
00111010
00100000
00100010
01101101
01100001
01110010
01101011
01110101
01110000
00100010
00001010
00100000
00100000
00100000
00100000
00100000
00100000
00100000
00100000
00100000
00100000
00100000
00100000
00100000
00100000
00100000
00100000
01111101
00001010
00100000
00100000
00100000
00100000
00100000
00100000
00100000
00100000
00100000
00100000
00100000
00100000
01111101
00001010
00100000
00100000
00100000
00100000
00100000
00100000
00100000
00100000
01111101
00001010
00100000
00100000
00100000
00100000
01111101
00001010
01111101
00001010